1 0.4702276707530648 0.8365384615384616 0.05779334500875657 0.06538461538461539
2 0.5713660245183888 0.40384615384615385 0.0423292469352014 0.0673076923076923
1 0.6120840630472855 0.36346153846153845 0.050788091068301226 0.06153846153846154
2 0.6786339754816112 0.38861538461538464 0.04961471103327495 0.052884615384615384
0 0.6900175131348512 0.33653846153846156 0.07005253940455342 0.06923076923076923
2 0.6487215411558669 0.4847692307692308 0.03647985989492119 0.04326923076923077
1 0.11019264448336252 0.3269230769230769 0.045236427320490366 0.038461538461538464
1 0.13865148861646234 0.6394230769230769 0.029194395796847638 0.038461538461538464
1 0.17805604203152364 0.6225961538461539 0.02626970227670753 0.04967307692307692
1 0.21746059544658494 0.629 0.029194395796847638 0.02725
2 0.18169877408056043 0.9415 0.06567425569176882 0.07532692307692308
1 0.5341506129597198 0.8669807692307692 0.03795096322241682 0.03525
1 0.5998248686514887 0.8052884615384616 0.03502626970227671 0.04326923076923077
1 0.4210507880910683 0.5496730769230769 0.045236427320490366 0.04807692307692308
1 0.49329246935201404 0.5921538461538461 0.0321015761821366 0.02725
1 0.49182136602451837 0.6955192307692308 0.03795096322241682 0.04807692307692308
2 0.6217162872154116 0.66025 0.04961471103327495 0.07051923076923078
2 0.6728021015761821 0.6169807692307692 0.07880910683012259 0.10898076923076923
0 0.39330998248686516 0.18028846153846154 0.05691768826619965 0.046480769230769235