0 0.6939579684763573 0.7828461538461539 0.03765323992994746 0.0599423076923077
1 0.5159019264448336 0.5360576923076923 0.045236427320490366 0.030442307692307692
0 0.5183887915936952 0.49903846153846154 0.04903677758318739 0.05576923076923077
1 0.580122591943958 0.8149038461538461 0.027723292469352016 0.04326923076923077
0 0.6036952714535901 0.7855769230769231 0.04052539404553415 0.06346153846153846
0 0.2869176882661997 0.8509615384615384 0.05604203152364273 0.05576923076923077
2 0.5823117338003503 0.1786923076923077 0.04961471103327495 0.06571153846153846
2 0.5334150612959719 0.09294230769230769 0.033572679509632226 0.04486538461538461
1 0.5334150612959719 0.029653846153846152 0.03064798598949212 0.0400576923076923
2 0.7151138353765324 0.12419230769230769 0.04961471103327495 0.046480769230769235
2 0.6049387040280211 0.9206730769230769 0.05108581436077058 0.05928846153846153
0 0.3801751313485114 0.8149038461538461 0.045236427320490366 0.03365384615384615
1 0.36413309982486863 0.7588076923076923 0.04816112084063047 0.04326923076923077
1 0.3371278458844133 0.26361538461538464 0.029194395796847638 0.030442307692307692
2 0.25467600700525395 0.34375 0.07150612959719789 0.05609615384615385
1 0.5450963222416813 0.572923076923077 0.03064798598949212 0.02403846153846154