0 0.6491593695271454 0.34134615384615385 0.0647985989492119 0.075
0 0.3407880910683012 0.3942307692307692 0.0423292469352014 0.038461538461538464
0 0.27474605954465847 0.9429038461538461 0.040858143607705774 0.03644230769230769
1 0.4611733800350262 0.6009615384615384 0.043782837127845885 0.057692307692307696
1 0.7399299474605955 0.5585 0.05837127845884413 0.046480769230769235
1 0.511523642732049 0.8133076923076923 0.024816112084063046 0.030442307692307692
0 0.5399824868651488 0.7796538461538461 0.043782837127845885 0.04967307692307692
1 0.5699124343257443 0.7315769230769231 0.05691768826619965 0.07851923076923077
0 0.46190893169877406 0.9335 0.04816112084063047 0.0625
0 0.5976357267950964 0.7019230769230769 0.04816112084063047 0.038461538461538464
0 0.6589316987740805 0.7043269230769231 0.03064798598949212 0.03046153846153846
1 0.6837478108581436 0.6890961538461539 0.045236427320490366 0.041673076923076924
1 0.6295621716287215 0.10736538461538461 0.025166374781085812 0.03205769230769231
1 0.6689667250437829 0.20132692307692307 0.036865148861646234 0.050096153846153846
1 0.48672504378283715 0.17226923076923076 0.05399299474605954 0.0400576923076923
1 0.6786339754816112 0.7700384615384616 0.0321015761821366 0.0400576923076923
1 0.21161120840630473 0.6466346153846154 0.023345008756567427 0.0400576923076923
1 0.19409807355516637 0.41505769230769235 0.046707530647985995 0.041673076923076924
1 0.7114711033274956 0.48236538461538464 0.05984238178633976 0.08013461538461539
1 0.2397197898423818 0.8551730769230769 0.028458844133099823 0.030038461538461538