1 0.583415061295972 0.8130961538461539 0.03064798598949212 0.04928846153846154
0 0.603660245183888 0.7845 0.033485113835376536 0.06515384615384616
0 0.6900175131348512 0.7817307692307692 0.04203152364273205 0.07115384615384615
0 0.2819614711033275 0.85 0.05604203152364273 0.057692307692307696
0 0.37915936952714535 0.8086538461538462 0.05779334500875657 0.04807692307692308
1 0.5122591943957968 0.5210384615384616 0.03940455341506129 0.022826923076923075
1 0.5336077057793345 0.5558846153846154 0.02956217162872154 0.020442307692307694
1 0.35628721541155867 0.7578076923076923 0.04926444833625219 0.042076923076923074
2 0.5823117338003503 0.17848076923076925 0.043782837127845885 0.058903846153846154
2 0.7185814360770578 0.1316153846153846 0.03394045534150613 0.058903846153846154
1 0.334938704028021 0.25961538461538464 0.02626970227670753 0.03125
2 0.5959894921190894 0.9176730769230769 0.04269702276707531 0.056499999999999995
1 0.5308756567425569 0.02403846153846154 0.03502626970227671 0.038461538461538464
0 0.5308756567425569 0.0955576923076923 0.037215411558669004 0.042076923076923074