0 0.5341506129597198 0.3701923076923077 0.04903677758318739 0.05576923076923077
0 0.6444833625218914 0.3721153846153846 0.05604203152364273 0.06346153846153846
0 0.11996497373029773 0.3605769230769231 0.050788091068301226 0.04807692307692308
1 0.21203152364273203 0.4979423076923077 0.023765323992994747 0.042576923076923075
1 0.32900175131348514 0.47596153846153844 0.03502626970227671 0.050826923076923075
2 0.24455341506129594 0.45742307692307693 0.05628721541155867 0.07142307692307692
0 0.31210157618213663 0.8646923076923076 0.03877408056042032 0.034346153846153846
0 0.3421366024518389 0.8276153846153846 0.05628721541155867 0.03982692307692308
0 0.20140105078809106 0.8901153846153846 0.05754816112084063 0.03571153846153846
1 0.3183712784588441 0.7864038461538462 0.028774080560420315 0.028846153846153848
0 0.6185814360770577 0.8894230769230769 0.0312784588441331 0.03982692307692308
1 0.616707530647986 0.8454615384615385 0.04502626970227671 0.04807692307692308
0 0.4859894921190893 0.9560384615384615 0.04879159369527145 0.032961538461538466
1 0.617338003502627 0.29051923076923075 0.0412784588441331 0.03982692307692308
2 0.5360245183887916 0.21498076923076925 0.03626970227670753 0.03709615384615384