0 0.5560420315236427 0.3423076923076923 0.050788091068301226 0.06153846153846154
0 0.1637478108581436 0.6778846153846154 0.0542907180385289 0.051923076923076926
0 0.6444833625218914 0.35096153846153844 0.05604203152364273 0.08653846153846154
2 0.18889667250437828 0.10232692307692308 0.05003502626970228 0.0700576923076923
1 0.4872329246935201 0.15728846153846154 0.03877408056042032 0.03709615384615384
1 0.5053765323992995 0.32967307692307696 0.05003502626970228 0.04396153846153846
2 0.27583187390542907 0.5260961538461538 0.05378283712784589 0.038461538461538464
2 0.3102276707530648 0.47871153846153847 0.06754816112084062 0.0700576923076923
2 0.2620665499124343 0.36401923076923076 0.043782837127845885 0.04121153846153846
1 0.2564448336252189 0.62225 0.03001751313485114 0.05494230769230769
1 0.29458844133099826 0.625 0.03626970227670753 0.03571153846153846
1 0.36215411558669003 0.6875 0.03877408056042032 0.023346153846153846
1 0.3558844133099825 0.6483461538461538 0.03378283712784588 0.057692307692307696
1 0.3884238178633975 0.7129038461538462 0.02626970227670753 0.04121153846153846
2 0.6185814360770577 0.6620961538461538 0.07129597197898424 0.09890384615384615
0 0.778091068301226 0.9450576923076923 0.047530647985989494 0.04121153846153846
1 0.7943432574430823 0.6510961538461538 0.03753064798598949 0.030211538461538463
1 0.7643257443082312 0.5 0.05003502626970228 0.06044230769230769
1 0.691138353765324 0.3035769230769231 0.023765323992994747 0.03571153846153846
2 0.6486164623467601 0.9642884615384616 0.058791593695271455 0.06319230769230769
1 0.7624518388791593 0.9052115384615385 0.028774080560420315 0.030211538461538463
1 0.8093520140105078 0.5899807692307693 0.03001751313485114 0.03982692307692308