0 0.5893169877408057 0.43653846153846154 0.05779334500875657 0.057692307692307696
0 0.6541155866900175 0.6711538461538461 0.047285464098073555 0.06153846153846154
0 0.3239929947460595 0.36153846153846153 0.05604203152364273 0.05384615384615385
0 0.4168126094570928 0.6913461538461538 0.0595446584938704 0.04423076923076923
2 0.6192119089316988 0.18405769230769228 0.07506129597197898 0.10165384615384615
1 0.36527145359019264 0.1978076923076923 0.032521891418563924 0.04121153846153846
1 0.6617513134851138 0.40315384615384614 0.022521891418563922 0.04532692307692308
2 0.7105253940455342 0.47321153846153846 0.05003502626970228 0.07555769230769231
1 0.7949737302977233 0.16896153846153847 0.03378283712784588 0.04396153846153846
0 0.4447110332749562 0.7458846153846154 0.06380035026269702 0.06044230769230769
1 0.36777583187390545 0.5693653846153846 0.03001751313485114 0.05357692307692308
1 0.39467600700525396 0.6387307692307692 0.04879159369527145 0.02473076923076923
1 0.38966725043782835 0.6105769230769231 0.0412784588441331 0.05357692307692308
2 0.7011558669001752 0.9182692307692307 0.0312784588441331 0.04532692307692308
2 0.6429772329246934 0.8330961538461538 0.04253940455341506 0.03982692307692308
1 0.24080560420315236 0.7444999999999999 0.03877408056042032 0.04121153846153846
1 0.777460595446585 0.048769230769230766 0.03378283712784588 0.034346153846153846
1 0.39591943957968473 0.6634615384615384 0.02626970227670753 0.019230769230769232