1 0.47578125 0.55859375 0.13515625 0.1890625
1 0.80078125 0.61953125 0.19375 0.21640625
1 0.175 0.64765625 0.16953125 0.259375
1 0.6953125 0.6921875 0.1640625 0.2078125
1 0.2578125 0.7828125 0.1921875 0.23359375
1 0.515625 0.7921875 0.1640625 0.2765625
1 0.80859375 0.828125 0.1578125 0.1703125
1 0.18828125 0.23203125 0.0984375 0.2078125
1 0.5796875 0.2328125 0.128125 0.1734375
1 0.740625 0.2203125 0.16328125 0.17265625
1 0.68046875 0.35703125 0.121875 0.19609375
1 0.52421875 0.3640625 0.14375 0.190625
1 0.15234375 0.4109375 0.13359375 0.19296875
1 0.77421875 0.440625 0.14921875 0.20859375
1 0.30703125 0.453125 0.17421875 0.21484375
1 0.60078125 0.5203125 0.1625 0.16484375