1 0.25234375 0.6203125 0.09765625 0.08515625
1 0.0515625 0.63828125 0.071875 0.06796875
1 0.52734375 0.6265625 0.06640625 0.090625
1 0.75078125 0.63203125 0.05546875 0.06796875
1 0.66953125 0.67421875 0.0390625 0.09375
1 0.2609375 0.703125 0.09921875 0.08671875
1 0.8484375 0.73515625 0.06015625 0.06640625
1 0.9359375 0.75390625 0.06875 0.11328125
1 0.0921875 0.7390625 0.08046875 0.07265625
1 0.57265625 0.78203125 0.08984375 0.084375
1 0.4984375 0.78671875 0.0640625 0.08671875
1 0.26328125 0.80703125 0.06015625 0.10546875
1 0.8046875 0.84765625 0.06796875 0.08828125
1 0.88203125 0.87421875 0.05859375 0.10546875
1 0.3359375 0.884375 0.05390625 0.10703125
1 0.64296875 0.88671875 0.0765625 0.0953125
1 0.72578125 0.87578125 0.09375 0.09375
1 0.52890625 0.94375 0.07578125 0.10625
1 0.134375 0.97109375 0.0625 0.0578125
1 0.6921875 0.16015625 0.33359375 0.22578125
1 0.64453125 0.38515625 0.39296875 0.215625