1 0.87578125 0.67734375 0.1796875 0.2734375
1 0.6421875 0.671875 0.11015625 0.15234375
1 0.46640625 0.8203125 0.14296875 0.134375
1 0.91640625 0.8703125 0.103125 0.13984375
1 0.65546875 0.8875 0.13515625 0.16328125
1 0.36484375 0.921875 0.16796875 0.1453125
1 0.0625 0.915625 0.121875 0.16875
1 0.334375 0.090625 0.1015625 0.13984375
1 0.2296875 0.13125 0.13046875 0.134375
1 0.70234375 0.134375 0.12109375 0.14609375
1 0.84375 0.13125 0.11640625 0.1453125
1 0.57890625 0.14765625 0.1171875 0.1390625
1 0.0578125 0.2453125 0.10703125 0.14140625
1 0.30546875 0.32734375 0.12109375 0.1296875
1 0.70234375 0.40234375 0.10859375 0.1046875
1 0.19296875 0.59140625 0.1828125 0.16875
1 0.45390625 0.69375 0.17421875 0.153125