1 0.35464098073555167 0.24134615384615385 0.0647985989492119 0.05961538461538462
2 0.17001751313485114 0.4118653846153846 0.07150612959719789 0.07051923076923078
1 0.20285464098073555 0.34775 0.05253940455341506 0.04486538461538461
1 0.20490367775831875 0.35096153846153844 0.04203152364273205 0.04423076923076923
2 0.404553415061296 0.18461538461538463 0.03852889667250438 0.057692307692307696
1 0.6443432574430823 0.07451923076923077 0.05691768826619965 0.05928846153846153
1 0.26781085814360767 0.6762884615384616 0.0423292469352014 0.05128846153846154
1 0.28239929947460596 0.6842884615384615 0.027723292469352016 0.06409615384615384
2 0.49767075306479863 0.8036923076923077 0.07005253940455342 0.09134615384615384
2 0.6260945709281961 0.8886153846153846 0.046707530647985995 0.08173076923076923
1 0.4203152364273205 0.48638461538461536 0.05546409807355517 0.06571153846153846
2 0.5253940455341506 0.16265384615384615 0.07880910683012259 0.05928846153846153
1 0.29772329246935203 0.35657692307692307 0.05546409807355517 0.046480769230769235
1 0.29698774080560425 0.3541730769230769 0.05108581436077058 0.04486538461538461
0 0.5735551663747811 0.9751538461538461 0.043782837127845885 0.04326923076923077
2 0.3239929947460595 0.9014423076923077 0.07588441330998248 0.05609615384615385
2 0.5954465849387041 0.21715384615384617 0.05253940455341506 0.06890384615384615
0 0.6472504378283712 0.15625 0.06567425569176882 0.052884615384615384