0 0.28108581436077057 0.7740384615384616 0.047285464098073555 0.051923076923076926
1 0.521891418563923 0.41442307692307695 0.04903677758318739 0.05576923076923077
0 0.3126094570928196 0.21346153846153845 0.03677758318739054 0.05384615384615385
0 0.6077057793345009 0.9634615384615385 0.03852889667250438 0.04230769230769231
2 0.20577933450087565 0.22196153846153846 0.07297723292469352 0.09455769230769231
2 0.2984588441330998 0.3173076923076923 0.06859894921190894 0.06409615384615384
1 0.3517162872154116 0.7027307692307693 0.0321015761821366 0.046480769230769235
1 0.7647460595446586 0.885423076923077 0.03502626970227671 0.02725
1 0.7727670753064798 0.8605769230769231 0.033572679509632226 0.03205769230769231
0 0.5312259194395796 0.5464807692307693 0.043782837127845885 0.05128846153846154
1 0.5589667250437829 0.58975 0.043782837127845885 0.04486538461538461
1 0.6881260945709282 0.1738846153846154 0.033572679509632226 0.04326923076923077
1 0.7282486865148862 0.10496153846153845 0.03795096322241682 0.04967307692307692
1 0.3305604203152364 0.24678846153846157 0.024816112084063046 0.022442307692307692