1 0.47197898423817863 0.8432692307692308 0.05779334500875657 0.0673076923076923
2 0.5757443082311734 0.4126538461538462 0.033572679509632226 0.08173076923076923
1 0.6138353765323993 0.36923076923076925 0.050788091068301226 0.06153846153846154
0 0.6530998248686515 0.4791730769230769 0.024816112084063046 0.05448076923076923
1 0.6859369527145359 0.38782692307692307 0.05253940455341506 0.06409615384615384
1 0.7173029772329247 0.3237115384615385 0.05691768826619965 0.041673076923076924
0 0.39549912434325746 0.1786923076923077 0.06712784588441331 0.04967307692307692
1 0.11528896672504378 0.33413461538461536 0.06129597197898424 0.052884615384615384
1 0.42323992994746057 0.5512884615384616 0.040858143607705774 0.041673076923076924
1 0.4925569176882662 0.5993653846153847 0.021891418563922942 0.03205769230769231
1 0.49329246935201404 0.7003269230769231 0.043782837127845885 0.060903846153846156
1 0.5443607705779334 0.8758076923076923 0.0321015761821366 0.0400576923076923
1 0.6071278458844134 0.8133076923076923 0.029194395796847638 0.04967307692307692
2 0.17658493870402803 0.9286923076923077 0.05546409807355517 0.04326923076923077
2 0.19264448336252188 0.9695576923076923 0.046707530647985995 0.038461538461538464
1 0.17950963222416813 0.6274038461538461 0.02626970227670753 0.04326923076923077
1 0.2181786339754816 0.6362115384615384 0.03064798598949212 0.038461538461538464
2 0.6239054290718039 0.6658653846153846 0.045236427320490366 0.08494230769230769
2 0.6735201401050788 0.6282115384615385 0.05984238178633976 0.08975