0 0.5980735551663747 0.5778846153846153 0.043782837127845885 0.04807692307692308
0 0.27525394045534146 0.3814038461538462 0.04495621716287216 0.052557692307692305
0 0.5306479859894921 0.14903846153846154 0.0595446584938704 0.05961538461538462
1 0.5173730297723292 0.02725 0.0423292469352014 0.05448076923076923
1 0.558231173380035 0.19390384615384615 0.03647985989492119 0.04807692307692308
1 0.3480735551663748 0.29888461538461536 0.03647985989492119 0.046480769230769235
1 0.7588966725043783 0.504 0.046707530647985995 0.020826923076923076
1 0.7443082311733801 0.4607307692307693 0.02626970227670753 0.030442307692307692
1 0.6355866900175131 0.6258076923076923 0.03647985989492119 0.046480769230769235
1 0.6209807355516637 0.6033653846153846 0.0043782837127845885 0.004807692307692308
2 0.6873905429071804 0.7972692307692307 0.043782837127845885 0.046480769230769235
1 0.6873905429071804 0.958326923076923 0.02626970227670753 0.041673076923076924
1 0.3028371278458844 0.7860576923076923 0.03940455341506129 0.052884615384615384
1 0.38966725043782835 0.729173076923077 0.017513134851138354 0.038461538461538464
1 0.3626619964973731 0.6402307692307693 0.024816112084063046 0.03365384615384615
0 0.1904553415061296 0.6426346153846154 0.021891418563922942 0.028846153846153848
2 0.6501751313485113 0.1818846153846154 0.05691768826619965 0.04967307692307692