0 0.28546409807355516 0.85 0.05604203152364273 0.057692307692307696
0 0.6932224168126094 0.7820576923076923 0.030350262697022765 0.055134615384615386
1 0.5837653239929947 0.8140961538461539 0.0321015761821366 0.041673076923076924
0 0.6043432574430823 0.7818846153846154 0.0423292469352014 0.05351923076923076
0 0.37915936952714535 0.8096153846153846 0.05779334500875657 0.046153846153846156
1 0.5100700525394045 0.4951923076923077 0.03647985989492119 0.025634615384615384
0 0.5385288966725044 0.44519230769230766 0.040280210157618214 0.06346153846153846
2 0.5837653239929947 0.1778846153846154 0.029194395796847638 0.060903846153846156
0 0.5341506129597198 0.09455769230769231 0.040858143607705774 0.04807692307692308
2 0.6005604203152365 0.9158653846153846 0.03940455341506129 0.05928846153846153
1 0.5246584938704028 0.5224423076923077 0.03064798598949212 0.038461538461538464
1 0.5312259194395796 0.030442307692307692 0.029194395796847638 0.038461538461538464
2 0.7173029772329247 0.12821153846153846 0.03647985989492119 0.05128846153846154
2 0.2707180385288967 0.35255769230769235 0.0423292469352014 0.038461538461538464