0 0.6514886164623468 0.6269230769230769 0.06654991243432574 0.07307692307692308
1 0.340630472854641 0.6798076923076923 0.047285464098073555 0.051923076923076926
0 0.46409807355516636 0.8807692307692307 0.05604203152364273 0.05384615384615385
1 0.44658493870402804 0.2876538461538462 0.03795096322241682 0.0625
1 0.6341155866900174 0.43509615384615385 0.03064798598949212 0.046480769230769235
1 0.6757092819614711 0.4887884615384615 0.0321015761821366 0.041673076923076924
1 0.483800350262697 0.4791730769230769 0.05399299474605954 0.04807692307692308
0 0.16345008756567425 0.38221153846153844 0.040858143607705774 0.04967307692307692
2 0.14374781085814362 0.5256346153846153 0.05108581436077058 0.05448076923076923
2 0.21453590192644484 0.5055961538461539 0.03795096322241682 0.06571153846153846
1 0.48453590192644486 0.13621153846153847 0.03795096322241682 0.05448076923076923
0 0.7457618213660245 0.8413461538461539 0.043782837127845885 0.06409615384615384
2 0.5903327495621716 0.9767692307692308 0.08901926444833624 0.046461538461538464
2 0.6122241681260946 0.7323653846153846 0.05108581436077058 0.07051923076923078
2 0.7129246935201401 0.7836538461538461 0.0423292469352014 0.07051923076923078
2 0.19409807355516637 0.7347692307692307 0.05837127845884413 0.04967307692307692
1 0.2225569176882662 0.9431153846153847 0.03647985989492119 0.046480769230769235