1.610000000000000000e+02 1.330000000000000000e+02 1.940000000000000000e+02 1.630000000000000000e+02
2.160000000000000000e+02 4.460000000000000000e+02 2.490000000000000000e+02 4.770000000000000000e+02
1.720000000000000000e+02 1.680000000000000000e+02 2.060000000000000000e+02 1.960000000000000000e+02
1.550000000000000000e+02 5.080000000000000000e+02 1.800000000000000000e+02 5.200000000000000000e+02
3.000000000000000000e+02 4.050000000000000000e+02 3.320000000000000000e+02 4.420000000000000000e+02
1.150000000000000000e+02 8.900000000000000000e+01 1.420000000000000000e+02 1.250000000000000000e+02
2.430000000000000000e+02 4.730000000000000000e+02 2.670000000000000000e+02 4.950000000000000000e+02
3.750000000000000000e+02 1.120000000000000000e+02 4.030000000000000000e+02 1.350000000000000000e+02
4.400000000000000000e+01 6.400000000000000000e+01 6.200000000000000000e+01 9.000000000000000000e+01
2.620000000000000000e+02 1.570000000000000000e+02 2.830000000000000000e+02 1.780000000000000000e+02
4.100000000000000000e+01 6.100000000000000000e+01 5.900000000000000000e+01 8.100000000000000000e+01
