1.930000000000000000e+02 1.490000000000000000e+02 2.230000000000000000e+02 1.770000000000000000e+02
1.900000000000000000e+02 9.500000000000000000e+01 2.150000000000000000e+02 1.220000000000000000e+02
2.670000000000000000e+02 1.080000000000000000e+02 3.060000000000000000e+02 1.330000000000000000e+02
1.580000000000000000e+02 3.340000000000000000e+02 1.780000000000000000e+02 3.630000000000000000e+02
1.580000000000000000e+02 3.320000000000000000e+02 1.970000000000000000e+02 3.660000000000000000e+02
4.360000000000000000e+02 1.290000000000000000e+02 4.610000000000000000e+02 1.510000000000000000e+02
1.740000000000000000e+02 1.100000000000000000e+02 2.080000000000000000e+02 1.390000000000000000e+02
1.140000000000000000e+02 4.500000000000000000e+02 1.370000000000000000e+02 4.700000000000000000e+02
2.620000000000000000e+02 1.070000000000000000e+02 3.060000000000000000e+02 1.390000000000000000e+02
1.740000000000000000e+02 1.120000000000000000e+02 1.950000000000000000e+02 1.390000000000000000e+02
1.520000000000000000e+02 1.120000000000000000e+02 1.720000000000000000e+02 1.360000000000000000e+02
3.730000000000000000e+02 4.330000000000000000e+02 3.880000000000000000e+02 4.530000000000000000e+02
3.890000000000000000e+02 4.290000000000000000e+02 4.180000000000000000e+02 4.680000000000000000e+02
