3.850000000000000000e+02 3.350000000000000000e+02 4.220000000000000000e+02 3.660000000000000000e+02
2.450000000000000000e+02 3.020000000000000000e+02 2.750000000000000000e+02 3.330000000000000000e+02
1.380000000000000000e+02 4.500000000000000000e+02 1.570000000000000000e+02 4.710000000000000000e+02
2.470000000000000000e+02 1.260000000000000000e+02 2.760000000000000000e+02 1.500000000000000000e+02
3.620000000000000000e+02 1.570000000000000000e+02 3.860000000000000000e+02 1.850000000000000000e+02
3.860000000000000000e+02 1.570000000000000000e+02 4.050000000000000000e+02 1.750000000000000000e+02
3.770000000000000000e+02 4.060000000000000000e+02 3.980000000000000000e+02 4.310000000000000000e+02
1.340000000000000000e+02 2.880000000000000000e+02 1.620000000000000000e+02 3.170000000000000000e+02
4.070000000000000000e+02 4.000000000000000000e+01 4.350000000000000000e+02 7.700000000000000000e+01
8.400000000000000000e+01 5.090000000000000000e+02 1.120000000000000000e+02 5.200000000000000000e+02
3.240000000000000000e+02 1.640000000000000000e+02 3.480000000000000000e+02 1.890000000000000000e+02
4.020000000000000000e+02 9.300000000000000000e+01 4.300000000000000000e+02 1.180000000000000000e+02
8.400000000000000000e+01 5.070000000000000000e+02 1.200000000000000000e+02 5.190000000000000000e+02
3.500000000000000000e+01 2.220000000000000000e+02 6.900000000000000000e+01 2.510000000000000000e+02
1.740000000000000000e+02 4.040000000000000000e+02 1.990000000000000000e+02 4.220000000000000000e+02
