1.920000000000000000e+02 1.470000000000000000e+02 2.230000000000000000e+02 1.740000000000000000e+02
1.890000000000000000e+02 9.400000000000000000e+01 2.150000000000000000e+02 1.210000000000000000e+02
3.880000000000000000e+02 4.280000000000000000e+02 4.170000000000000000e+02 4.640000000000000000e+02
1.580000000000000000e+02 3.340000000000000000e+02 1.760000000000000000e+02 3.580000000000000000e+02
1.730000000000000000e+02 1.080000000000000000e+02 2.020000000000000000e+02 1.380000000000000000e+02
1.580000000000000000e+02 3.340000000000000000e+02 1.970000000000000000e+02 3.610000000000000000e+02
1.520000000000000000e+02 1.120000000000000000e+02 1.720000000000000000e+02 1.330000000000000000e+02
4.120000000000000000e+02 4.470000000000000000e+02 4.280000000000000000e+02 4.700000000000000000e+02
1.490000000000000000e+02 2.050000000000000000e+02 1.860000000000000000e+02 2.420000000000000000e+02
2.620000000000000000e+02 1.080000000000000000e+02 3.070000000000000000e+02 1.360000000000000000e+02
2.620000000000000000e+02 1.080000000000000000e+02 3.070000000000000000e+02 1.480000000000000000e+02
2.730000000000000000e+02 1.310000000000000000e+02 3.040000000000000000e+02 1.540000000000000000e+02
1.580000000000000000e+02 3.340000000000000000e+02 1.870000000000000000e+02 3.580000000000000000e+02
