1.050000000000000000e+02 2.950000000000000000e+02 1.320000000000000000e+02 3.230000000000000000e+02
9.600000000000000000e+01 4.280000000000000000e+02 1.220000000000000000e+02 4.510000000000000000e+02
1.320000000000000000e+02 1.180000000000000000e+02 1.660000000000000000e+02 1.490000000000000000e+02
2.250000000000000000e+02 4.150000000000000000e+02 2.550000000000000000e+02 4.410000000000000000e+02
7.300000000000000000e+01 1.550000000000000000e+02 1.270000000000000000e+02 1.930000000000000000e+02
7.900000000000000000e+01 3.380000000000000000e+02 1.120000000000000000e+02 3.670000000000000000e+02
1.970000000000000000e+02 3.800000000000000000e+02 2.350000000000000000e+02 4.110000000000000000e+02
1.240000000000000000e+02 4.700000000000000000e+01 1.520000000000000000e+02 8.200000000000000000e+01
1.310000000000000000e+02 8.100000000000000000e+01 1.590000000000000000e+02 1.120000000000000000e+02
8.400000000000000000e+01 1.570000000000000000e+02 1.330000000000000000e+02 1.920000000000000000e+02
