1.490000000000000000e+02 1.990000000000000000e+02 1.820000000000000000e+02 2.360000000000000000e+02
2.960000000000000000e+02 9.600000000000000000e+01 3.180000000000000000e+02 1.240000000000000000e+02
3.100000000000000000e+02 1.080000000000000000e+02 3.410000000000000000e+02 1.410000000000000000e+02
2.030000000000000000e+02 4.610000000000000000e+02 2.350000000000000000e+02 4.950000000000000000e+02
1.860000000000000000e+02 4.240000000000000000e+02 2.130000000000000000e+02 4.530000000000000000e+02
2.820000000000000000e+02 4.500000000000000000e+02 3.100000000000000000e+02 4.720000000000000000e+02
1.980000000000000000e+02 4.080000000000000000e+02 2.250000000000000000e+02 4.360000000000000000e+02
1.540000000000000000e+02 4.470000000000000000e+02 1.690000000000000000e+02 4.660000000000000000e+02
1.690000000000000000e+02 4.560000000000000000e+02 1.900000000000000000e+02 4.790000000000000000e+02
2.810000000000000000e+02 4.300000000000000000e+02 3.130000000000000000e+02 4.550000000000000000e+02
1.640000000000000000e+02 4.230000000000000000e+02 1.820000000000000000e+02 4.470000000000000000e+02
1.910000000000000000e+02 4.090000000000000000e+02 2.260000000000000000e+02 4.440000000000000000e+02
