2.580000000000000000e+02 8.700000000000000000e+01 2.890000000000000000e+02 1.150000000000000000e+02
3.520000000000000000e+02 2.940000000000000000e+02 3.750000000000000000e+02 3.190000000000000000e+02
4.080000000000000000e+02 3.720000000000000000e+02 4.450000000000000000e+02 4.070000000000000000e+02
3.080000000000000000e+02 3.000000000000000000e+02 3.300000000000000000e+02 3.230000000000000000e+02
1.500000000000000000e+02 4.140000000000000000e+02 1.760000000000000000e+02 4.430000000000000000e+02
1.690000000000000000e+02 4.100000000000000000e+02 1.900000000000000000e+02 4.290000000000000000e+02
2.240000000000000000e+02 8.100000000000000000e+01 2.520000000000000000e+02 1.200000000000000000e+02
1.570000000000000000e+02 4.990000000000000000e+02 1.790000000000000000e+02 5.170000000000000000e+02
2.440000000000000000e+02 2.150000000000000000e+02 2.690000000000000000e+02 2.360000000000000000e+02
5.600000000000000000e+01 3.850000000000000000e+02 7.100000000000000000e+01 3.950000000000000000e+02
1.560000000000000000e+02 4.110000000000000000e+02 1.890000000000000000e+02 4.330000000000000000e+02
