9.610000000000000000e+02 7.810000000000000000e+02 1.012000000000000000e+03 8.320000000000000000e+02
1.233000000000000000e+03 1.014000000000000000e+03 1.291000000000000000e+03 1.066000000000000000e+03
1.026000000000000000e+03 1.045000000000000000e+03 1.102000000000000000e+03 1.107000000000000000e+03
1.104000000000000000e+03 6.770000000000000000e+02 1.176000000000000000e+03 7.270000000000000000e+02
1.258000000000000000e+03 6.010000000000000000e+02 1.333000000000000000e+03 6.520000000000000000e+02
1.350000000000000000e+03 6.270000000000000000e+02 1.394000000000000000e+03 6.630000000000000000e+02
1.277000000000000000e+03 6.440000000000000000e+02 1.345000000000000000e+03 6.730000000000000000e+02
1.345000000000000000e+03 6.340000000000000000e+02 1.392000000000000000e+03 6.640000000000000000e+02
1.060000000000000000e+03 1.127000000000000000e+03 1.110000000000000000e+03 1.152000000000000000e+03
1.295000000000000000e+03 6.390000000000000000e+02 1.355000000000000000e+03 6.690000000000000000e+02
