2 0.7057793345008757 0.6788461538461539 0.06304728546409807 0.06153846153846154
2 0.4540980735551664 0.6173076923076923 0.05253940455341506 0.05384615384615385
2 0.7399299474605955 0.11923076923076924 0.047285464098073555 0.06538461538461539
2 0.730875656742557 0.20961538461538462 0.044360770577933445 0.05
0 0.5550963222416813 0.3637884615384615 0.04483362521891419 0.07371153846153845
2 0.5954465849387041 0.34615384615384615 0.03269702276707531 0.05640384615384615
2 0.6409807355516638 0.34423076923076923 0.0373555166374781 0.05
0 0.6686339754816113 0.4127692307692307 0.0412784588441331 0.05357692307692308
2 0.6835901926444833 0.34423076923076923 0.03619964973730298 0.03975
2 0.4458493870402802 0.2403846153846154 0.04816112084063047 0.038461538461538464
2 0.523415061295972 0.41586538461538464 0.024816112084063046 0.0400576923076923
0 0.7130297723292469 0.8818653846153846 0.03502626970227671 0.03571153846153846
0 0.5247635726795096 0.8028846153846154 0.0312784588441331 0.050826923076923075
0 0.5654290718038529 0.7925769230769231 0.03753064798598949 0.06319230769230769
0 0.6085814360770578 0.7548076923076923 0.03626970227670753 0.05905769230769231
2 0.2589492119089317 0.8921730769230769 0.03753064798598949 0.042576923076923075
2 0.2601926444833625 0.5858461538461538 0.04502626970227671 0.05632692307692307
2 0.09507880910683011 0.4608461538461538 0.05754816112084063 0.06180769230769231
0 0.19952714535901928 0.2678653846153846 0.0312784588441331 0.04121153846153846
1 0.22266199649737303 0.7465576923076923 0.060052539404553414 0.0673076923076923
1 0.32900175131348514 0.8063269230769231 0.05003502626970228 0.04671153846153846
0 0.21891418563922943 0.4951923076923077 0.05003502626970228 0.04532692307692308
2 0.1738879159369527 0.9903846153846154 0.04253940455341506 0.019230769230769232
0 0.6123292469352014 0.5906538461538461 0.03626970227670753 0.05494230769230769
2 0.6780035026269702 0.8090576923076923 0.03502626970227671 0.049442307692307695
1 0.5353940455341506 0.2939615384615385 0.055043782837127846 0.06867307692307692