0 0.6166024518388792 0.947923076923077 0.033572679509632226 0.05609615384615385
2 0.648861646234676 0.9711538461538461 0.043782837127845885 0.04230769230769231
2 0.1725043782837128 0.8509615384615384 0.050788091068301226 0.05576923076923077
2 0.2180385288966725 0.34615384615384615 0.0542907180385289 0.06153846153846154
2 0.43345008756567427 0.3894230769230769 0.050788091068301226 0.05576923076923077
1 0.32325744308231175 0.645826923076923 0.0423292469352014 0.03205769230769231
2 0.3685113835376532 0.6217884615384615 0.05399299474605954 0.05128846153846154
1 0.2305954465849387 0.5817307692307693 0.05253940455341506 0.07692307692307693
2 0.18534150612959718 0.7435961538461539 0.03795096322241682 0.04807692307692308
2 0.25248686514886165 0.7323653846153846 0.05253940455341506 0.05448076923076923
0 0.5290367775831873 0.6298076923076923 0.03647985989492119 0.04807692307692308
0 0.580122591943958 0.6201923076923077 0.03647985989492119 0.05448076923076923
0 0.623169877408056 0.5785192307692307 0.043782837127845885 0.04807692307692308
0 0.6151488616462347 0.4214807692307692 0.0423292469352014 0.04486538461538461
0 0.530507880910683 0.2099423076923077 0.05691768826619965 0.08013461538461539
0 0.5626094570928196 0.5400576923076923 0.05108581436077058 0.05128846153846154
0 0.18826619964973731 0.08573076923076922 0.0321015761821366 0.04326923076923077
0 0.7180385288966725 0.7123461538461539 0.0321015761821366 0.04326923076923077
0 0.6348511383537653 0.23398076923076924 0.05837127845884413 0.06409615384615384
0 0.48891418563922945 0.7580192307692308 0.046707530647985995 0.03525
0 0.5224693520140105 0.71475 0.0321015761821366 0.038461538461538464
0 0.5721015761821366 0.6915 0.040858143607705774 0.03365384615384615