2 0.2486865148861646 0.37596153846153846 0.04203152364273205 0.051923076923076926
2 0.351138353765324 0.17884615384615385 0.043782837127845885 0.07307692307692308
2 0.23905429071803852 0.7307692307692307 0.0297723292469352 0.06153846153846154
0 0.2750963222416813 0.35657692307692307 0.03647985989492119 0.046480769230769235
2 0.272907180385289 0.7371730769230769 0.046707530647985995 0.04807692307692308
1 0.3181611208406305 0.6234038461538461 0.0321015761821366 0.05128846153846154
2 0.35756567425569175 0.6225961538461539 0.03795096322241682 0.030442307692307692
2 0.24518388791593695 0.5216346153846154 0.05546409807355517 0.0400576923076923
2 0.5538528896672504 0.7692307692307693 0.04816112084063047 0.057692307692307696
1 0.6144133099824869 0.7475961538461539 0.05546409807355517 0.05609615384615385
1 0.32180385288966723 0.96475 0.06567425569176882 0.038461538461538464
0 0.36632224168126093 0.9238846153846154 0.04961471103327495 0.04967307692307692
0 0.19921190893169877 0.3549615384615385 0.05399299474605954 0.03686538461538462
0 0.5516637478108581 0.4639423076923077 0.040858143607705774 0.04326923076923077
1 0.5421716287215411 0.375 0.03064798598949212 0.04486538461538461