2 0.3362521891418564 0.34615384615384615 0.04553415061295972 0.05384615384615385
0 0.5499124343257443 0.23076923076923078 0.04553415061295972 0.06923076923076923
2 0.5750087565674256 0.5296538461538461 0.05253940455341506 0.04326923076923077
2 0.5954465849387041 0.4847692307692308 0.03502626970227671 0.052884615384615384
1 0.6538178633975481 0.6314038461538461 0.07005253940455342 0.07371153846153845
0 0.3480735551663748 0.8301346153846154 0.03647985989492119 0.03205769230769231
0 0.36777583187390545 0.8076923076923077 0.0321015761821366 0.022442307692307692
0 0.19190893169877407 0.8237115384615384 0.024816112084063046 0.028846153846153848
0 0.2619614711033275 0.8910192307692307 0.033572679509632226 0.019230769230769232
0 0.3480735551663748 0.7491923076923077 0.024816112084063046 0.03686538461538462
1 0.7019789842381786 0.9198653846153846 0.03795096322241682 0.07051923076923078
0 0.24737302977232925 0.5488846153846154 0.027723292469352016 0.03686538461538462
0 0.3028371278458844 0.510423076923077 0.05108581436077058 0.046480769230769235
1 0.2707180385288967 0.10576923076923077 0.03940455341506129 0.04486538461538461
0 0.6494395796847635 0.3189038461538462 0.023345008756567427 0.041673076923076924
0 0.679369527145359 0.29005769230769235 0.03647985989492119 0.05128846153846154
0 0.7107355516637478 0.2652307692307692 0.043782837127845885 0.030442307692307692
0 0.7413835376532399 0.22676923076923078 0.040858143607705774 0.03365384615384615