0 0.7513134851138353 0.43653846153846154 0.04903677758318739 0.04230769230769231
0 0.7705779334500875 0.0875 0.04203152364273205 0.04423076923076923
1 0.7521891418563923 0.3485576923076923 0.0542907180385289 0.07403846153846154
0 0.3458844133099825 0.35938461538461536 0.024080560420315235 0.04567307692307692
2 0.38704028021015763 0.32211538461538464 0.05253940455341506 0.05961538461538462
1 0.6474430823117338 0.3978269230769231 0.06458844133099825 0.04567307692307692
0 0.4630122591943958 0.49878846153846157 0.05691768826619965 0.04807692307692308
0 0.4515061295971979 0.37440384615384614 0.03394045534150613 0.03246153846153846
0 0.47395796847635724 0.4363076923076923 0.03064798598949212 0.028846153846153848
0 0.4805253940455341 0.40263461538461537 0.028458844133099823 0.02403846153846154
0 0.4498598949211909 0.7896538461538462 0.037215411558669004 0.038461538461538464
0 0.4536952714535902 0.9104615384615384 0.06458844133099825 0.05169230769230769
0 0.43947460595446586 0.8653846153846154 0.03394045534150613 0.03125
1 0.5659019264448336 0.19592307692307692 0.037215411558669004 0.040865384615384616