0 0.5866900175131349 0.2759615384615385 0.05253940455341506 0.051923076923076926
2 0.6357267950963222 0.3057692307692308 0.04553415061295972 0.06538461538461539
0 0.5020490367775832 0.5665 0.05837127845884413 0.030442307692307692
2 0.5224693520140105 0.5376538461538461 0.04961471103327495 0.03365384615384615
0 0.584185639229422 0.5254038461538462 0.03502626970227671 0.04807692307692308
2 0.22329246935201402 0.8942307692307693 0.01875656742556918 0.032961538461538466
2 0.2739579684763573 0.8743076923076922 0.032521891418563924 0.023346153846153846
2 0.31210157618213663 0.8440961538461539 0.043782837127845885 0.03709615384615384
2 0.20327495621716285 0.8571346153846153 0.0312784588441331 0.038461538461538464
2 0.24455341506129594 0.8894230769230769 0.03378283712784588 0.03709615384615384
0 0.2589492119089317 0.5164807692307692 0.03502626970227671 0.05219230769230769
0 0.13134851138353765 0.4766538461538462 0.055043782837127846 0.04121153846153846
0 0.3258669001751313 0.47046153846153843 0.04628721541155867 0.03982692307692308
0 0.3321190893169877 0.4443653846153846 0.03626970227670753 0.034346153846153846
0 0.372784588441331 0.432 0.032521891418563924 0.03709615384615384
0 0.6110858143607706 0.727326923076923 0.02626970227670753 0.04807692307692308
0 0.6686339754816113 0.6751346153846154 0.03877408056042032 0.042576923076923075
1 0.5747985989492119 0.6936730769230769 0.03877408056042032 0.057692307692307696
0 0.20765323992994744 0.7328269230769231 0.060052539404553414 0.05632692307692307
0 0.25019264448336254 0.6723846153846154 0.027513134851138356 0.042576923076923075
1 0.6792644483362522 0.26305769230769227 0.05003502626970228 0.07828846153846154