0 0.46190893169877406 0.6153846153846154 0.06859894921190894 0.03525
2 0.4448336252189142 0.5576923076923077 0.05253940455341506 0.057692307692307696
1 0.5545884413309983 0.871 0.0321015761821366 0.0625
2 0.5805604203152365 0.7951923076923076 0.043782837127845885 0.04423076923076923
0 0.2171628721541156 0.6096153846153847 0.04903677758318739 0.057692307692307696
0 0.5866900175131349 0.3998461538461538 0.040858143607705774 0.06571153846153846
2 0.6187915936952715 0.48236538461538464 0.043782837127845885 0.05128846153846154
2 0.6260945709281961 0.4222692307692308 0.043782837127845885 0.05609615384615385
2 0.272907180385289 0.2876538461538462 0.046707530647985995 0.0400576923076923
2 0.4991243432574431 0.5721153846153846 0.03502626970227671 0.05448076923076923
0 0.7362872154115587 0.5793269230769231 0.045236427320490366 0.04326923076923077
1 0.2736427320490368 0.879 0.06567425569176882 0.06890384615384615
1 0.49548161120840634 0.96075 0.07735551663747811 0.052884615384615384
2 0.232784588441331 0.17467307692307693 0.04816112084063047 0.060903846153846156
0 0.22985989492119088 0.3918269230769231 0.03940455341506129 0.046480769230769235
1 0.16782837127845884 0.2011153846153846 0.06422066549912435 0.046480769230769235